	20.0	21.0	22.0	23.0	24.0	25.0	26.0	27.0	28.0	29.0	30.0	31.0	32.0	33.0	34.0	35.0	36.0	37.0	38.0
022um-Control_S36_L001_R1_001	3.0	4.0	2.0	17.0	16.0	21.0	35.0	38.0	57.0	85.0	111.0	144.0	180.0	274.0	365.0	539.0	1077.0	5739.0	15.0
	17.0	18.0	19.0	20.0	21.0	22.0	23.0	24.0	25.0	26.0	27.0	28.0	29.0	30.0	31.0	32.0	33.0	34.0	35.0	36.0	37.0	38.0
022um-Control_S36_L001_R2_001	2.0	5.0	16.0	9.0	17.0	17.0	22.0	44.0	41.0	57.0	72.0	80.0	160.0	160.0	233.0	323.0	366.0	462.0	727.0	1175.0	3890.0	844.0
	20.0	21.0	22.0	23.0	24.0	25.0	26.0	27.0	28.0	29.0	30.0	31.0	32.0	33.0	34.0	35.0	36.0	37.0	38.0
20210602-MA-ABB1F_S31_L001_R1_001	2.0	2.0	4.0	17.0	22.0	28.0	41.0	46.0	59.0	76.0	88.0	138.0	180.0	207.0	295.0	439.0	749.0	2548.0	215.0
	17.0	18.0	19.0	20.0	21.0	22.0	23.0	24.0	25.0	26.0	27.0	28.0	29.0	30.0	31.0	32.0	33.0	34.0	35.0	36.0	37.0	38.0
20210602-MA-ABB1F_S31_L001_R2_001	2.0	3.0	5.0	7.0	7.0	13.0	12.0	15.0	30.0	25.0	41.0	58.0	112.0	99.0	185.0	181.0	284.0	361.0	500.0	850.0	2157.0	209.0
	20.0	21.0	22.0	23.0	24.0	25.0	26.0	27.0	28.0	29.0	30.0	31.0	32.0	33.0	34.0	35.0	36.0	37.0	38.0
20210602-MA-ABB1P_S28_L001_R1_001	1.0	2.0	6.0	12.0	13.0	34.0	22.0	23.0	41.0	59.0	94.0	117.0	150.0	198.0	275.0	382.0	740.0	2472.0	410.0
	17.0	18.0	19.0	20.0	21.0	22.0	23.0	24.0	25.0	26.0	27.0	28.0	29.0	30.0	31.0	32.0	33.0	34.0	35.0	36.0	37.0	38.0
20210602-MA-ABB1P_S28_L001_R2_001	1.0	4.0	6.0	4.0	9.0	10.0	9.0	17.0	26.0	40.0	29.0	56.0	74.0	104.0	167.0	191.0	257.0	345.0	487.0	828.0	2016.0	371.0
	19.0	20.0	21.0	22.0	23.0	24.0	25.0	26.0	27.0	28.0	29.0	30.0	31.0	32.0	33.0	34.0	35.0	36.0	37.0	38.0
20210602-MA-ABB1W_S58_L001_R1_001	1.0	2.0	6.0	6.0	12.0	27.0	32.0	48.0	55.0	80.0	84.0	122.0	164.0	220.0	293.0	383.0	640.0	1076.0	3959.0	485.0
	18.0	19.0	20.0	21.0	22.0	23.0	24.0	25.0	26.0	27.0	28.0	29.0	30.0	31.0	32.0	33.0	34.0	35.0	36.0	37.0	38.0
20210602-MA-ABB1W_S58_L001_R2_001	3.0	4.0	7.0	3.0	21.0	15.0	18.0	40.0	47.0	70.0	71.0	122.0	165.0	237.0	266.0	355.0	520.0	734.0	1237.0	3325.0	435.0
	20.0	21.0	22.0	23.0	24.0	25.0	26.0	27.0	28.0	29.0	30.0	31.0	32.0	33.0	34.0	35.0	36.0	37.0	38.0
20210602-MA-ABS1F_S45_L001_R1_001	4.0	1.0	0.0	13.0	20.0	19.0	34.0	45.0	43.0	69.0	99.0	104.0	169.0	206.0	298.0	428.0	852.0	2453.0	241.0
	19.0	20.0	21.0	22.0	23.0	24.0	25.0	26.0	27.0	28.0	29.0	30.0	31.0	32.0	33.0	34.0	35.0	36.0	37.0	38.0
20210602-MA-ABS1F_S45_L001_R2_001	3.0	1.0	8.0	5.0	15.0	13.0	17.0	42.0	57.0	72.0	92.0	143.0	168.0	230.0	297.0	394.0	493.0	867.0	1991.0	190.0
	17.0	18.0	19.0	20.0	21.0	22.0	23.0	24.0	25.0	26.0	27.0	28.0	29.0	30.0	31.0	32.0	33.0	34.0	35.0	36.0	37.0	38.0
20210602-MA-ABS1P_S65_L001_R1_001	1.0	0.0	0.0	2.0	3.0	2.0	10.0	20.0	35.0	30.0	48.0	59.0	89.0	105.0	150.0	201.0	240.0	330.0	465.0	914.0	2808.0	388.0
	18.0	19.0	20.0	21.0	22.0	23.0	24.0	25.0	26.0	27.0	28.0	29.0	30.0	31.0	32.0	33.0	34.0	35.0	36.0	37.0	38.0
20210602-MA-ABS1P_S65_L001_R2_001	6.0	6.0	6.0	9.0	11.0	10.0	19.0	16.0	41.0	61.0	91.0	107.0	127.0	181.0	209.0	303.0	374.0	526.0	965.0	2387.0	445.0
	19.0	20.0	21.0	22.0	23.0	24.0	25.0	26.0	27.0	28.0	29.0	30.0	31.0	32.0	33.0	34.0	35.0	36.0	37.0	38.0
20210602-MA-ABS1W_S93_L001_R1_001	2.0	3.0	1.0	6.0	17.0	25.0	25.0	36.0	48.0	51.0	83.0	110.0	161.0	212.0	264.0	413.0	535.0	1028.0	3341.0	425.0
	17.0	18.0	19.0	20.0	21.0	22.0	23.0	24.0	25.0	26.0	27.0	28.0	29.0	30.0	31.0	32.0	33.0	34.0	35.0	36.0	37.0	38.0
20210602-MA-ABS1W_S93_L001_R2_001	1.0	2.0	6.0	7.0	5.0	6.0	14.0	21.0	32.0	47.0	71.0	82.0	119.0	146.0	202.0	273.0	362.0	474.0	664.0	1146.0	2737.0	369.0
	20.0	21.0	22.0	23.0	24.0	25.0	26.0	27.0	28.0	29.0	30.0	31.0	32.0	33.0	34.0	35.0	36.0	37.0	38.0
20210602-MA-CEB1F_S8_L001_R1_001	4.0	5.0	5.0	3.0	28.0	19.0	44.0	53.0	65.0	85.0	117.0	181.0	184.0	269.0	364.0	491.0	925.0	2891.0	348.0
	17.0	18.0	19.0	20.0	21.0	22.0	23.0	24.0	25.0	26.0	27.0	28.0	29.0	30.0	31.0	32.0	33.0	34.0	35.0	36.0	37.0	38.0
20210602-MA-CEB1F_S8_L001_R2_001	1.0	1.0	2.0	7.0	11.0	10.0	12.0	17.0	23.0	45.0	57.0	65.0	104.0	134.0	190.0	235.0	328.0	436.0	602.0	1002.0	2537.0	262.0
	19.0	20.0	21.0	22.0	23.0	24.0	25.0	26.0	27.0	28.0	29.0	30.0	31.0	32.0	33.0	34.0	35.0	36.0	37.0	38.0
20210602-MA-CEB1P_S87_L001_R1_001	1.0	1.0	6.0	6.0	13.0	24.0	35.0	40.0	51.0	50.0	73.0	122.0	134.0	235.0	281.0	400.0	575.0	1085.0	3965.0	497.0
	17.0	18.0	19.0	20.0	21.0	22.0	23.0	24.0	25.0	26.0	27.0	28.0	29.0	30.0	31.0	32.0	33.0	34.0	35.0	36.0	37.0	38.0
20210602-MA-CEB1P_S87_L001_R2_001	2.0	3.0	5.0	2.0	7.0	12.0	17.0	23.0	31.0	52.0	67.0	84.0	104.0	181.0	213.0	286.0	391.0	535.0	744.0	1198.0	3210.0	427.0
	19.0	20.0	21.0	22.0	23.0	24.0	25.0	26.0	27.0	28.0	29.0	30.0	31.0	32.0	33.0	34.0	35.0	36.0	37.0	38.0
20210602-MA-CEB1W_S94_L001_R1_001	1.0	2.0	3.0	2.0	12.0	28.0	39.0	40.0	62.0	73.0	93.0	129.0	186.0	245.0	322.0	402.0	605.0	1069.0	3476.0	518.0
	17.0	18.0	19.0	20.0	21.0	22.0	23.0	24.0	25.0	26.0	27.0	28.0	29.0	30.0	31.0	32.0	33.0	34.0	35.0	36.0	37.0	38.0
20210602-MA-CEB1W_S94_L001_R2_001	4.0	2.0	6.0	4.0	10.0	6.0	15.0	18.0	37.0	43.0	76.0	90.0	115.0	192.0	220.0	296.0	395.0	511.0	687.0	1159.0	2987.0	434.0
	19.0	20.0	21.0	22.0	23.0	24.0	25.0	26.0	27.0	28.0	29.0	30.0	31.0	32.0	33.0	34.0	35.0	36.0	37.0	38.0
20210602-MA-CES1F_S79_L001_R1_001	1.0	2.0	2.0	3.0	10.0	26.0	32.0	46.0	55.0	71.0	89.0	153.0	182.0	205.0	276.0	393.0	579.0	991.0	3428.0	234.0
	17.0	18.0	19.0	20.0	21.0	22.0	23.0	24.0	25.0	26.0	27.0	28.0	29.0	30.0	31.0	32.0	33.0	34.0	35.0	36.0	37.0	38.0
20210602-MA-CES1F_S79_L001_R2_001	1.0	6.0	3.0	8.0	6.0	17.0	16.0	33.0	61.0	75.0	100.0	131.0	174.0	256.0	288.0	316.0	414.0	546.0	762.0	1189.0	2238.0	138.0
	21.0	22.0	23.0	24.0	25.0	26.0	27.0	28.0	29.0	30.0	31.0	32.0	33.0	34.0	35.0	36.0	37.0	38.0
20210602-MA-CES1P_S41_L001_R1_001	1.0	4.0	5.0	8.0	12.0	20.0	41.0	44.0	60.0	105.0	134.0	173.0	243.0	321.0	496.0	907.0	3157.0	386.0
	16.0	17.0	18.0	19.0	20.0	21.0	22.0	23.0	24.0	25.0	26.0	27.0	28.0	29.0	30.0	31.0	32.0	33.0	34.0	35.0	36.0	37.0	38.0
20210602-MA-CES1P_S41_L001_R2_001	1.0	0.0	3.0	6.0	5.0	11.0	7.0	12.0	7.0	23.0	31.0	54.0	85.0	86.0	133.0	188.0	241.0	302.0	408.0	542.0	930.0	2569.0	473.0
	20.0	21.0	22.0	23.0	24.0	25.0	26.0	27.0	28.0	29.0	30.0	31.0	32.0	33.0	34.0	35.0	36.0	37.0	38.0
20210602-MA-CES1W_S47_L001_R1_001	3.0	3.0	9.0	7.0	20.0	19.0	27.0	42.0	46.0	71.0	115.0	156.0	172.0	261.0	301.0	475.0	826.0	2955.0	256.0
	17.0	18.0	19.0	20.0	21.0	22.0	23.0	24.0	25.0	26.0	27.0	28.0	29.0	30.0	31.0	32.0	33.0	34.0	35.0	36.0	37.0	38.0
20210602-MA-CES1W_S47_L001_R2_001	1.0	5.0	2.0	8.0	6.0	7.0	6.0	18.0	31.0	42.0	71.0	90.0	128.0	164.0	210.0	240.0	287.0	409.0	551.0	896.0	2378.0	214.0
	20.0	21.0	22.0	23.0	24.0	25.0	26.0	27.0	28.0	29.0	30.0	31.0	32.0	33.0	34.0	35.0	36.0	37.0	38.0
20210602-MA-CWB1F_S18_L001_R1_001	2.0	2.0	9.0	10.0	12.0	13.0	24.0	27.0	44.0	60.0	80.0	104.0	130.0	175.0	274.0	350.0	618.0	2031.0	157.0
	18.0	19.0	20.0	21.0	22.0	23.0	24.0	25.0	26.0	27.0	28.0	29.0	30.0	31.0	32.0	33.0	34.0	35.0	36.0	37.0	38.0
20210602-MA-CWB1F_S18_L001_R2_001	6.0	3.0	2.0	2.0	5.0	7.0	16.0	22.0	29.0	35.0	46.0	68.0	93.0	134.0	184.0	209.0	284.0	402.0	611.0	1784.0	180.0
	20.0	21.0	22.0	23.0	24.0	25.0	26.0	27.0	28.0	29.0	30.0	31.0	32.0	33.0	34.0	35.0	36.0	37.0	38.0
20210602-MA-CWB1P_S44_L001_R1_001	1.0	3.0	3.0	6.0	15.0	25.0	29.0	43.0	46.0	82.0	121.0	133.0	176.0	228.0	356.0	520.0	951.0	3146.0	443.0
	18.0	19.0	20.0	21.0	22.0	23.0	24.0	25.0	26.0	27.0	28.0	29.0	30.0	31.0	32.0	33.0	34.0	35.0	36.0	37.0	38.0
20210602-MA-CWB1P_S44_L001_R2_001	2.0	8.0	6.0	9.0	8.0	10.0	22.0	18.0	29.0	63.0	87.0	103.0	148.0	185.0	262.0	341.0	419.0	677.0	1060.0	2491.0	379.0
	18.0	19.0	20.0	21.0	22.0	23.0	24.0	25.0	26.0	27.0	28.0	29.0	30.0	31.0	32.0	33.0	34.0	35.0	36.0	37.0	38.0
20210602-MA-CWB1W_S11_L001_R1_001	1.0	1.0	2.0	5.0	11.0	14.0	27.0	35.0	47.0	83.0	84.0	107.0	141.0	199.0	251.0	310.0	403.0	612.0	1055.0	3665.0	481.0
	18.0	19.0	20.0	21.0	22.0	23.0	24.0	25.0	26.0	27.0	28.0	29.0	30.0	31.0	32.0	33.0	34.0	35.0	36.0	37.0	38.0
20210602-MA-CWB1W_S11_L001_R2_001	4.0	6.0	8.0	9.0	13.0	21.0	25.0	48.0	52.0	85.0	93.0	143.0	167.0	261.0	288.0	389.0	459.0	740.0	1178.0	3061.0	484.0
	16.0	17.0	18.0	19.0	20.0	21.0	22.0	23.0	24.0	25.0	26.0	27.0	28.0	29.0	30.0	31.0	32.0	33.0	34.0	35.0	36.0	37.0	38.0
20210602-MA-CWS1F_S77_L001_R1_001	1.0	0.0	1.0	0.0	2.0	9.0	9.0	20.0	27.0	41.0	49.0	77.0	109.0	134.0	185.0	221.0	309.0	349.0	488.0	603.0	905.0	3174.0	112.0
	16.0	17.0	18.0	19.0	20.0	21.0	22.0	23.0	24.0	25.0	26.0	27.0	28.0	29.0	30.0	31.0	32.0	33.0	34.0	35.0	36.0	37.0	38.0
20210602-MA-CWS1F_S77_L001_R2_001	2.0	3.0	9.0	4.0	6.0	7.0	16.0	26.0	46.0	51.0	88.0	121.0	132.0	194.0	267.0	286.0	342.0	437.0	563.0	639.0	1140.0	2350.0	96.0
	21.0	22.0	23.0	24.0	25.0	26.0	27.0	28.0	29.0	30.0	31.0	32.0	33.0	34.0	35.0	36.0	37.0	38.0
20210602-MA-CWS1P_S78_L001_R1_001	5.0	8.0	7.0	22.0	20.0	29.0	47.0	57.0	82.0	101.0	136.0	181.0	227.0	297.0	417.0	739.0	2430.0	299.0
	18.0	19.0	20.0	21.0	22.0	23.0	24.0	25.0	26.0	27.0	28.0	29.0	30.0	31.0	32.0	33.0	34.0	35.0	36.0	37.0	38.0
20210602-MA-CWS1P_S78_L001_R2_001	5.0	3.0	6.0	5.0	18.0	18.0	31.0	40.0	40.0	71.0	96.0	134.0	171.0	242.0	262.0	327.0	379.0	540.0	878.0	1659.0	179.0
	18.0	19.0	20.0	21.0	22.0	23.0	24.0	25.0	26.0	27.0	28.0	29.0	30.0	31.0	32.0	33.0	34.0	35.0	36.0	37.0	38.0
20210602-MA-CWS1W_S70_L001_R1_001	2.0	0.0	3.0	4.0	13.0	21.0	30.0	34.0	62.0	68.0	92.0	126.0	173.0	208.0	287.0	344.0	449.0	632.0	1013.0	3401.0	199.0
	17.0	18.0	19.0	20.0	21.0	22.0	23.0	24.0	25.0	26.0	27.0	28.0	29.0	30.0	31.0	32.0	33.0	34.0	35.0	36.0	37.0	38.0
20210602-MA-CWS1W_S70_L001_R2_001	2.0	4.0	4.0	5.0	8.0	14.0	13.0	16.0	32.0	40.0	55.0	88.0	113.0	168.0	246.0	329.0	391.0	507.0	719.0	1165.0	3021.0	221.0
	20.0	21.0	22.0	23.0	24.0	25.0	26.0	27.0	28.0	29.0	30.0	31.0	32.0	33.0	34.0	35.0	36.0	37.0	38.0
20210602-MA-MBB1F_S68_L001_R1_001	2.0	5.0	3.0	10.0	19.0	40.0	44.0	53.0	54.0	77.0	131.0	174.0	219.0	285.0	441.0	576.0	1158.0	3728.0	387.0
	18.0	19.0	20.0	21.0	22.0	23.0	24.0	25.0	26.0	27.0	28.0	29.0	30.0	31.0	32.0	33.0	34.0	35.0	36.0	37.0	38.0
20210602-MA-MBB1F_S68_L001_R2_001	3.0	6.0	8.0	9.0	11.0	12.0	22.0	25.0	50.0	46.0	92.0	120.0	174.0	231.0	261.0	371.0	526.0	785.0	1338.0	3024.0	292.0
	20.0	21.0	22.0	23.0	24.0	25.0	26.0	27.0	28.0	29.0	30.0	31.0	32.0	33.0	34.0	35.0	36.0	37.0	38.0
20210602-MA-MBB1P_S6_L001_R1_001	1.0	3.0	3.0	4.0	7.0	16.0	24.0	27.0	31.0	61.0	55.0	93.0	109.0	166.0	210.0	318.0	514.0	1943.0	207.0
	19.0	20.0	21.0	22.0	23.0	24.0	25.0	26.0	27.0	28.0	29.0	30.0	31.0	32.0	33.0	34.0	35.0	36.0	37.0	38.0
20210602-MA-MBB1P_S6_L001_R2_001	3.0	2.0	2.0	6.0	8.0	18.0	19.0	24.0	29.0	42.0	65.0	98.0	117.0	168.0	203.0	263.0	349.0	598.0	1567.0	211.0
	20.0	21.0	22.0	23.0	24.0	25.0	26.0	27.0	28.0	29.0	30.0	31.0	32.0	33.0	34.0	35.0	36.0	37.0	38.0
20210602-MA-MBB1W_S34_L001_R1_001	2.0	5.0	1.0	11.0	19.0	24.0	22.0	21.0	51.0	75.0	77.0	83.0	141.0	217.0	265.0	374.0	761.0	2536.0	292.0
	17.0	18.0	19.0	20.0	21.0	22.0	23.0	24.0	25.0	26.0	27.0	28.0	29.0	30.0	31.0	32.0	33.0	34.0	35.0	36.0	37.0	38.0
20210602-MA-MBB1W_S34_L001_R2_001	2.0	2.0	3.0	0.0	3.0	8.0	11.0	7.0	25.0	31.0	47.0	61.0	63.0	114.0	166.0	187.0	265.0	326.0	462.0	812.0	2124.0	258.0
	21.0	22.0	23.0	24.0	25.0	26.0	27.0	28.0	29.0	30.0	31.0	32.0	33.0	34.0	35.0	36.0	37.0	38.0
20210602-MA-MBS1F_S67_L001_R1_001	5.0	6.0	14.0	21.0	25.0	40.0	55.0	70.0	94.0	125.0	152.0	241.0	290.0	383.0	541.0	1029.0	3294.0	333.0
	18.0	19.0	20.0	21.0	22.0	23.0	24.0	25.0	26.0	27.0	28.0	29.0	30.0	31.0	32.0	33.0	34.0	35.0	36.0	37.0	38.0
20210602-MA-MBS1F_S67_L001_R2_001	2.0	4.0	6.0	5.0	13.0	18.0	22.0	30.0	40.0	54.0	70.0	105.0	163.0	224.0	270.0	370.0	424.0	671.0	1109.0	2850.0	268.0
	20.0	21.0	22.0	23.0	24.0	25.0	26.0	27.0	28.0	29.0	30.0	31.0	32.0	33.0	34.0	35.0	36.0	37.0	38.0
20210602-MA-MBS1P_S30_L001_R1_001	1.0	7.0	13.0	9.0	18.0	13.0	14.0	29.0	43.0	49.0	48.0	78.0	105.0	154.0	234.0	303.0	554.0	1913.0	271.0
	17.0	18.0	19.0	20.0	21.0	22.0	23.0	24.0	25.0	26.0	27.0	28.0	29.0	30.0	31.0	32.0	33.0	34.0	35.0	36.0	37.0	38.0
20210602-MA-MBS1P_S30_L001_R2_001	3.0	1.0	6.0	11.0	4.0	6.0	7.0	11.0	21.0	28.0	33.0	40.0	71.0	85.0	106.0	165.0	195.0	244.0	381.0	620.0	1545.0	273.0
	20.0	21.0	22.0	23.0	24.0	25.0	26.0	27.0	28.0	29.0	30.0	31.0	32.0	33.0	34.0	35.0	36.0	37.0	38.0
20210602-MA-MBS1W_S46_L001_R1_001	2.0	2.0	6.0	3.0	18.0	21.0	32.0	36.0	46.0	61.0	95.0	124.0	150.0	242.0	315.0	474.0	882.0	2941.0	334.0
	16.0	17.0	18.0	19.0	20.0	21.0	22.0	23.0	24.0	25.0	26.0	27.0	28.0	29.0	30.0	31.0	32.0	33.0	34.0	35.0	36.0	37.0	38.0
20210602-MA-MBS1W_S46_L001_R2_001	1.0	1.0	4.0	5.0	3.0	7.0	11.0	9.0	14.0	26.0	40.0	49.0	75.0	100.0	133.0	169.0	242.0	307.0	412.0	561.0	1008.0	2345.0	262.0
	19.0	20.0	21.0	22.0	23.0	24.0	25.0	26.0	27.0	28.0	29.0	30.0	31.0	32.0	33.0	34.0	35.0	36.0	37.0	38.0
20210602-MA-SCB1F_S54_L001_R1_001	2.0	1.0	3.0	5.0	7.0	11.0	29.0	34.0	43.0	52.0	57.0	92.0	129.0	157.0	239.0	315.0	460.0	869.0	3009.0	435.0
	16.0	17.0	18.0	19.0	20.0	21.0	22.0	23.0	24.0	25.0	26.0	27.0	28.0	29.0	30.0	31.0	32.0	33.0	34.0	35.0	36.0	37.0	38.0
20210602-MA-SCB1F_S54_L001_R2_001	1.0	0.0	3.0	5.0	12.0	9.0	7.0	8.0	18.0	27.0	42.0	45.0	81.0	91.0	111.0	173.0	251.0	297.0	377.0	558.0	944.0	2522.0	367.0
	19.0	20.0	21.0	22.0	23.0	24.0	25.0	26.0	27.0	28.0	29.0	30.0	31.0	32.0	33.0	34.0	35.0	36.0	37.0	38.0
20210602-MA-SCB1P_S5_L001_R1_001	1.0	0.0	4.0	4.0	10.0	10.0	13.0	24.0	33.0	22.0	58.0	72.0	73.0	131.0	194.0	207.0	351.0	631.0	2203.0	519.0
	18.0	19.0	20.0	21.0	22.0	23.0	24.0	25.0	26.0	27.0	28.0	29.0	30.0	31.0	32.0	33.0	34.0	35.0	36.0	37.0	38.0
20210602-MA-SCB1P_S5_L001_R2_001	1.0	1.0	6.0	4.0	6.0	8.0	14.0	15.0	27.0	29.0	57.0	81.0	86.0	134.0	172.0	239.0	261.0	394.0	713.0	1722.0	590.0
	20.0	21.0	22.0	23.0	24.0	25.0	26.0	27.0	28.0	29.0	30.0	31.0	32.0	33.0	34.0	35.0	36.0	37.0	38.0
20210602-MA-SCB1W_S32_L001_R1_001	5.0	5.0	5.0	12.0	15.0	20.0	25.0	41.0	57.0	90.0	114.0	157.0	215.0	307.0	385.0	536.0	1007.0	3312.0	429.0
	17.0	18.0	19.0	20.0	21.0	22.0	23.0	24.0	25.0	26.0	27.0	28.0	29.0	30.0	31.0	32.0	33.0	34.0	35.0	36.0	37.0	38.0
20210602-MA-SCB1W_S32_L001_R2_001	2.0	3.0	3.0	6.0	6.0	7.0	8.0	12.0	30.0	37.0	59.0	78.0	116.0	139.0	206.0	299.0	359.0	465.0	703.0	1122.0	2739.0	338.0
	19.0	20.0	21.0	22.0	23.0	24.0	25.0	26.0	27.0	28.0	29.0	30.0	31.0	32.0	33.0	34.0	35.0	36.0	37.0	38.0
20210602-MA-SCS1F_S53_L001_R1_001	1.0	1.0	2.0	8.0	16.0	27.0	35.0	36.0	55.0	80.0	95.0	144.0	188.0	294.0	346.0	514.0	763.0	1305.0	4806.0	637.0
	17.0	18.0	19.0	20.0	21.0	22.0	23.0	24.0	25.0	26.0	27.0	28.0	29.0	30.0	31.0	32.0	33.0	34.0	35.0	36.0	37.0	38.0
20210602-MA-SCS1F_S53_L001_R2_001	3.0	1.0	7.0	5.0	7.0	7.0	18.0	16.0	42.0	50.0	77.0	97.0	147.0	185.0	261.0	355.0	467.0	619.0	822.0	1400.0	4095.0	672.0
	21.0	22.0	23.0	24.0	25.0	26.0	27.0	28.0	29.0	30.0	31.0	32.0	33.0	34.0	35.0	36.0	37.0	38.0
20210602-MA-SCS1P_S88_L001_R1_001	1.0	3.0	11.0	19.0	25.0	28.0	45.0	40.0	66.0	121.0	168.0	205.0	291.0	392.0	610.0	1079.0	4104.0	827.0
	17.0	18.0	19.0	20.0	21.0	22.0	23.0	24.0	25.0	26.0	27.0	28.0	29.0	30.0	31.0	32.0	33.0	34.0	35.0	36.0	37.0	38.0
20210602-MA-SCS1P_S88_L001_R2_001	1.0	9.0	6.0	6.0	12.0	9.0	17.0	33.0	23.0	46.0	48.0	98.0	135.0	183.0	261.0	334.0	428.0	570.0	734.0	1265.0	3118.0	699.0
	22.0	23.0	24.0	25.0	26.0	27.0	28.0	29.0	30.0	31.0	32.0	33.0	34.0	35.0	36.0	37.0	38.0
20210602-MA-SCS1W_S42_L001_R1_001	4.0	9.0	12.0	19.0	30.0	29.0	41.0	44.0	61.0	110.0	122.0	169.0	265.0	407.0	728.0	2392.0	296.0
	18.0	19.0	20.0	21.0	22.0	23.0	24.0	25.0	26.0	27.0	28.0	29.0	30.0	31.0	32.0	33.0	34.0	35.0	36.0	37.0	38.0
20210602-MA-SCS1W_S42_L001_R2_001	1.0	4.0	1.0	5.0	6.0	7.0	11.0	23.0	36.0	40.0	54.0	68.0	97.0	150.0	206.0	263.0	352.0	446.0	800.0	1933.0	235.0
	21.0	22.0	23.0	24.0	25.0	26.0	27.0	28.0	29.0	30.0	31.0	32.0	33.0	34.0	35.0	36.0	37.0	38.0
20210615-MA-ABB2F_S55_L001_R1_001	1.0	3.0	4.0	8.0	5.0	18.0	19.0	16.0	36.0	50.0	68.0	101.0	137.0	144.0	247.0	477.0	1946.0	93.0
	18.0	19.0	20.0	21.0	22.0	23.0	24.0	25.0	26.0	27.0	28.0	29.0	30.0	31.0	32.0	33.0	34.0	35.0	36.0	37.0	38.0
20210615-MA-ABB2F_S55_L001_R2_001	3.0	0.0	5.0	7.0	5.0	10.0	9.0	15.0	21.0	27.0	32.0	41.0	65.0	82.0	111.0	155.0	228.0	282.0	463.0	1590.0	222.0
	19.0	20.0	21.0	22.0	23.0	24.0	25.0	26.0	27.0	28.0	29.0	30.0	31.0	32.0	33.0	34.0	35.0	36.0	37.0	38.0
20210615-MA-ABB2P_S17_L001_R1_001	1.0	1.0	2.0	2.0	7.0	11.0	14.0	18.0	32.0	49.0	74.0	92.0	104.0	131.0	202.0	258.0	402.0	756.0	2649.0	245.0
	18.0	19.0	20.0	21.0	22.0	23.0	24.0	25.0	26.0	27.0	28.0	29.0	30.0	31.0	32.0	33.0	34.0	35.0	36.0	37.0	38.0
20210615-MA-ABB2P_S17_L001_R2_001	2.0	3.0	5.0	6.0	9.0	11.0	7.0	17.0	32.0	35.0	51.0	84.0	126.0	128.0	185.0	247.0	311.0	435.0	792.0	2235.0	329.0
	18.0	19.0	20.0	21.0	22.0	23.0	24.0	25.0	26.0	27.0	28.0	29.0	30.0	31.0	32.0	33.0	34.0	35.0	36.0	37.0	38.0
20210615-MA-ABB2W_S92_L001_R1_001	1.0	0.0	2.0	0.0	7.0	21.0	23.0	41.0	48.0	75.0	102.0	110.0	179.0	225.0	341.0	430.0	590.0	866.0	1530.0	5210.0	470.0
	18.0	19.0	20.0	21.0	22.0	23.0	24.0	25.0	26.0	27.0	28.0	29.0	30.0	31.0	32.0	33.0	34.0	35.0	36.0	37.0	38.0
20210615-MA-ABB2W_S92_L001_R2_001	4.0	11.0	8.0	9.0	12.0	20.0	17.0	43.0	53.0	103.0	126.0	161.0	245.0	322.0	446.0	561.0	694.0	1012.0	1664.0	4369.0	391.0
	20.0	21.0	22.0	23.0	24.0	25.0	26.0	27.0	28.0	29.0	30.0	31.0	32.0	33.0	34.0	35.0	36.0	37.0	38.0
20210615-MA-ABS1F_S33_L001_R1_001	1.0	4.0	8.0	11.0	17.0	24.0	34.0	54.0	71.0	74.0	107.0	146.0	205.0	216.0	345.0	451.0	821.0	2679.0	256.0
	18.0	19.0	20.0	21.0	22.0	23.0	24.0	25.0	26.0	27.0	28.0	29.0	30.0	31.0	32.0	33.0	34.0	35.0	36.0	37.0	38.0
20210615-MA-ABS1F_S33_L001_R2_001	4.0	4.0	5.0	5.0	5.0	9.0	13.0	17.0	39.0	58.0	87.0	95.0	140.0	179.0	232.0	304.0	397.0	530.0	872.0	2272.0	257.0
	20.0	21.0	22.0	23.0	24.0	25.0	26.0	27.0	28.0	29.0	30.0	31.0	32.0	33.0	34.0	35.0	36.0	37.0	38.0
20210615-MA-ABS1P_S29_L001_R1_001	1.0	6.0	12.0	12.0	8.0	21.0	26.0	36.0	66.0	87.0	125.0	168.0	214.0	275.0	387.0	497.0	1063.0	3492.0	336.0
	18.0	19.0	20.0	21.0	22.0	23.0	24.0	25.0	26.0	27.0	28.0	29.0	30.0	31.0	32.0	33.0	34.0	35.0	36.0	37.0	38.0
20210615-MA-ABS1P_S29_L001_R2_001	4.0	2.0	6.0	8.0	7.0	11.0	26.0	28.0	36.0	59.0	80.0	110.0	175.0	187.0	274.0	313.0	432.0	625.0	1087.0	2923.0	439.0
	20.0	21.0	22.0	23.0	24.0	25.0	26.0	27.0	28.0	29.0	30.0	31.0	32.0	33.0	34.0	35.0	36.0	37.0	38.0
20210615-MA-ABS1W_S10_L001_R1_001	3.0	4.0	10.0	5.0	14.0	19.0	32.0	38.0	52.0	56.0	91.0	130.0	161.0	209.0	301.0	381.0	728.0	2502.0	266.0
	18.0	19.0	20.0	21.0	22.0	23.0	24.0	25.0	26.0	27.0	28.0	29.0	30.0	31.0	32.0	33.0	34.0	35.0	36.0	37.0	38.0
20210615-MA-ABS1W_S10_L001_R2_001	5.0	4.0	6.0	6.0	10.0	10.0	13.0	16.0	23.0	39.0	64.0	77.0	116.0	159.0	228.0	261.0	320.0	481.0	823.0	2077.0	264.0
	19.0	20.0	21.0	22.0	23.0	24.0	25.0	26.0	27.0	28.0	29.0	30.0	31.0	32.0	33.0	34.0	35.0	36.0	37.0	38.0
20210615-MA-CEB1F_S91_L001_R1_001	1.0	2.0	2.0	3.0	15.0	38.0	38.0	43.0	52.0	85.0	99.0	140.0	183.0	224.0	336.0	432.0	602.0	1187.0	3736.0	342.0
	17.0	18.0	19.0	20.0	21.0	22.0	23.0	24.0	25.0	26.0	27.0	28.0	29.0	30.0	31.0	32.0	33.0	34.0	35.0	36.0	37.0	38.0
20210615-MA-CEB1F_S91_L001_R2_001	1.0	3.0	2.0	4.0	7.0	15.0	21.0	16.0	28.0	39.0	66.0	92.0	130.0	164.0	253.0	290.0	400.0	503.0	682.0	1254.0	3269.0	321.0
	21.0	22.0	23.0	24.0	25.0	26.0	27.0	28.0	29.0	30.0	31.0	32.0	33.0	34.0	35.0	36.0	37.0	38.0
20210615-MA-CEB1P_S21_L001_R1_001	5.0	4.0	9.0	14.0	24.0	35.0	39.0	53.0	81.0	77.0	147.0	184.0	232.0	326.0	429.0	816.0	2884.0	213.0
	17.0	18.0	19.0	20.0	21.0	22.0	23.0	24.0	25.0	26.0	27.0	28.0	29.0	30.0	31.0	32.0	33.0	34.0	35.0	36.0	37.0	38.0
20210615-MA-CEB1P_S21_L001_R2_001	2.0	2.0	4.0	7.0	5.0	2.0	9.0	19.0	23.0	33.0	64.0	76.0	89.0	117.0	156.0	225.0	251.0	398.0	487.0	911.0	2455.0	237.0
	19.0	20.0	21.0	22.0	23.0	24.0	25.0	26.0	27.0	28.0	29.0	30.0	31.0	32.0	33.0	34.0	35.0	36.0	37.0	38.0
20210615-MA-CEB1W_S59_L001_R1_001	1.0	4.0	4.0	7.0	13.0	30.0	27.0	44.0	49.0	58.0	83.0	121.0	159.0	201.0	286.0	364.0	545.0	958.0	3570.0	317.0
	17.0	18.0	19.0	20.0	21.0	22.0	23.0	24.0	25.0	26.0	27.0	28.0	29.0	30.0	31.0	32.0	33.0	34.0	35.0	36.0	37.0	38.0
20210615-MA-CEB1W_S59_L001_R2_001	1.0	5.0	4.0	7.0	7.0	12.0	12.0	22.0	24.0	46.0	76.0	89.0	118.0	155.0	208.0	261.0	370.0	416.0	636.0	1086.0	2975.0	311.0
	20.0	21.0	22.0	23.0	24.0	25.0	26.0	27.0	28.0	29.0	30.0	31.0	32.0	33.0	34.0	35.0	36.0	37.0	38.0
20210615-MA-CES1F_S57_L001_R1_001	2.0	2.0	8.0	13.0	26.0	27.0	49.0	52.0	78.0	95.0	127.0	184.0	209.0	304.0	392.0	546.0	1030.0	3699.0	334.0
	17.0	18.0	19.0	20.0	21.0	22.0	23.0	24.0	25.0	26.0	27.0	28.0	29.0	30.0	31.0	32.0	33.0	34.0	35.0	36.0	37.0	38.0
20210615-MA-CES1F_S57_L001_R2_001	1.0	2.0	5.0	7.0	6.0	10.0	21.0	17.0	38.0	52.0	67.0	75.0	126.0	165.0	212.0	255.0	340.0	507.0	683.0	1177.0	3110.0	301.0
	22.0	23.0	24.0	25.0	26.0	27.0	28.0	29.0	30.0	31.0	32.0	33.0	34.0	35.0	36.0	37.0	38.0
20210615-MA-CES1P_S40_L001_R1_001	3.0	6.0	15.0	16.0	40.0	36.0	69.0	94.0	100.0	135.0	189.0	236.0	343.0	489.0	900.0	3141.0	364.0
	17.0	18.0	19.0	20.0	21.0	22.0	23.0	24.0	25.0	26.0	27.0	28.0	29.0	30.0	31.0	32.0	33.0	34.0	35.0	36.0	37.0	38.0
20210615-MA-CES1P_S40_L001_R2_001	2.0	1.0	3.0	6.0	3.0	11.0	16.0	16.0	36.0	38.0	55.0	82.0	115.0	145.0	220.0	285.0	334.0	431.0	581.0	1063.0	2415.0	318.0
	20.0	21.0	22.0	23.0	24.0	25.0	26.0	27.0	28.0	29.0	30.0	31.0	32.0	33.0	34.0	35.0	36.0	37.0	38.0
20210615-MA-CES1W_S22_L001_R1_001	1.0	3.0	4.0	9.0	15.0	29.0	28.0	43.0	50.0	77.0	104.0	132.0	177.0	257.0	322.0	489.0	924.0	3060.0	280.0
	15.0	16.0	17.0	18.0	19.0	20.0	21.0	22.0	23.0	24.0	25.0	26.0	27.0	28.0	29.0	30.0	31.0	32.0	33.0	34.0	35.0	36.0	37.0	38.0
20210615-MA-CES1W_S22_L001_R2_001	1.0	0.0	1.0	4.0	7.0	9.0	4.0	7.0	10.0	14.0	16.0	25.0	33.0	64.0	98.0	134.0	167.0	227.0	301.0	432.0	569.0	989.0	2587.0	305.0
	20.0	21.0	22.0	23.0	24.0	25.0	26.0	27.0	28.0	29.0	30.0	31.0	32.0	33.0	34.0	35.0	36.0	37.0	38.0
20210615-MA-CWB1F_S9_L001_R1_001	2.0	1.0	7.0	11.0	23.0	27.0	35.0	44.0	69.0	91.0	128.0	157.0	186.0	260.0	316.0	423.0	848.0	2675.0	241.0
	17.0	18.0	19.0	20.0	21.0	22.0	23.0	24.0	25.0	26.0	27.0	28.0	29.0	30.0	31.0	32.0	33.0	34.0	35.0	36.0	37.0	38.0
20210615-MA-CWB1F_S9_L001_R2_001	3.0	3.0	2.0	6.0	5.0	4.0	6.0	21.0	26.0	35.0	62.0	72.0	112.0	141.0	183.0	237.0	284.0	386.0	513.0	882.0	2320.0	241.0
	17.0	18.0	19.0	20.0	21.0	22.0	23.0	24.0	25.0	26.0	27.0	28.0	29.0	30.0	31.0	32.0	33.0	34.0	35.0	36.0	37.0	38.0
20210615-MA-CWB1P_S80_L001_R1_001	1.0	2.0	1.0	3.0	7.0	5.0	17.0	24.0	34.0	49.0	68.0	97.0	145.0	168.0	212.0	287.0	376.0	505.0	705.0	1359.0	4584.0	353.0
	16.0	17.0	18.0	19.0	20.0	21.0	22.0	23.0	24.0	25.0	26.0	27.0	28.0	29.0	30.0	31.0	32.0	33.0	34.0	35.0	36.0	37.0	38.0
20210615-MA-CWB1P_S80_L001_R2_001	1.0	2.0	9.0	10.0	13.0	12.0	23.0	27.0	45.0	71.0	88.0	116.0	157.0	226.0	303.0	401.0	497.0	576.0	712.0	988.0	1694.0	2895.0	136.0
	20.0	21.0	22.0	23.0	24.0	25.0	26.0	27.0	28.0	29.0	30.0	31.0	32.0	33.0	34.0	35.0	36.0	37.0	38.0
20210615-MA-CWB1W_S35_L001_R1_001	4.0	3.0	7.0	7.0	24.0	35.0	40.0	47.0	71.0	109.0	136.0	161.0	193.0	264.0	339.0	515.0	950.0	3246.0	270.0
	17.0	18.0	19.0	20.0	21.0	22.0	23.0	24.0	25.0	26.0	27.0	28.0	29.0	30.0	31.0	32.0	33.0	34.0	35.0	36.0	37.0	38.0
20210615-MA-CWB1W_S35_L001_R2_001	2.0	3.0	6.0	10.0	3.0	5.0	17.0	23.0	33.0	49.0	74.0	90.0	110.0	160.0	199.0	266.0	355.0	433.0	610.0	1074.0	2650.0	249.0
	20.0	21.0	22.0	23.0	24.0	25.0	26.0	27.0	28.0	29.0	30.0	31.0	32.0	33.0	34.0	35.0	36.0	37.0	38.0
20210615-MA-CWS1F_S81_L001_R1_001	3.0	4.0	6.0	21.0	19.0	41.0	31.0	65.0	90.0	111.0	133.0	178.0	225.0	323.0	384.0	584.0	1011.0	3476.0	303.0
	16.0	17.0	18.0	19.0	20.0	21.0	22.0	23.0	24.0	25.0	26.0	27.0	28.0	29.0	30.0	31.0	32.0	33.0	34.0	35.0	36.0	37.0	38.0
20210615-MA-CWS1F_S81_L001_R2_001	1.0	4.0	5.0	9.0	9.0	18.0	25.0	32.0	36.0	65.0	76.0	97.0	164.0	221.0	247.0	310.0	352.0	427.0	555.0	738.0	1231.0	2250.0	136.0
	20.0	21.0	22.0	23.0	24.0	25.0	26.0	27.0	28.0	29.0	30.0	31.0	32.0	33.0	34.0	35.0	36.0	37.0	38.0
20210615-MA-CWS1P_S66_L001_R1_001	1.0	4.0	5.0	6.0	9.0	30.0	32.0	49.0	62.0	91.0	108.0	125.0	171.0	223.0	332.0	486.0	854.0	2915.0	238.0
	17.0	18.0	19.0	20.0	21.0	22.0	23.0	24.0	25.0	26.0	27.0	28.0	29.0	30.0	31.0	32.0	33.0	34.0	35.0	36.0	37.0	38.0
20210615-MA-CWS1P_S66_L001_R2_001	2.0	4.0	1.0	3.0	4.0	8.0	9.0	16.0	19.0	39.0	54.0	67.0	112.0	128.0	188.0	209.0	293.0	398.0	576.0	960.0	2404.0	247.0
	20.0	21.0	22.0	23.0	24.0	25.0	26.0	27.0	28.0	29.0	30.0	31.0	32.0	33.0	34.0	35.0	36.0	37.0	38.0
20210615-MA-CWS1W_S82_L001_R1_001	2.0	6.0	9.0	12.0	25.0	26.0	42.0	60.0	69.0	125.0	159.0	154.0	227.0	372.0	434.0	621.0	1169.0	3987.0	282.0
	17.0	18.0	19.0	20.0	21.0	22.0	23.0	24.0	25.0	26.0	27.0	28.0	29.0	30.0	31.0	32.0	33.0	34.0	35.0	36.0	37.0	38.0
20210615-MA-CWS1W_S82_L001_R2_001	5.0	3.0	6.0	10.0	14.0	18.0	23.0	36.0	64.0	82.0	112.0	146.0	207.0	257.0	340.0	438.0	511.0	620.0	830.0	1377.0	2531.0	151.0
	19.0	20.0	21.0	22.0	23.0	24.0	25.0	26.0	27.0	28.0	29.0	30.0	31.0	32.0	33.0	34.0	35.0	36.0	37.0	38.0
20210615-MA-MBB1F_S69_L001_R1_001	1.0	5.0	1.0	9.0	17.0	18.0	33.0	44.0	57.0	53.0	67.0	129.0	163.0	232.0	272.0	422.0	589.0	1062.0	3465.0	398.0
	17.0	18.0	19.0	20.0	21.0	22.0	23.0	24.0	25.0	26.0	27.0	28.0	29.0	30.0	31.0	32.0	33.0	34.0	35.0	36.0	37.0	38.0
20210615-MA-MBB1F_S69_L001_R2_001	2.0	5.0	7.0	6.0	10.0	8.0	10.0	20.0	26.0	31.0	66.0	72.0	93.0	169.0	237.0	306.0	390.0	471.0	669.0	1121.0	3000.0	318.0
	21.0	22.0	23.0	24.0	25.0	26.0	27.0	28.0	29.0	30.0	31.0	32.0	33.0	34.0	35.0	36.0	37.0	38.0
20210615-MA-MBB1P_S90_L001_R1_001	2.0	5.0	11.0	23.0	33.0	23.0	45.0	56.0	75.0	109.0	117.0	161.0	217.0	333.0	483.0	828.0	2957.0	357.0
	17.0	18.0	19.0	20.0	21.0	22.0	23.0	24.0	25.0	26.0	27.0	28.0	29.0	30.0	31.0	32.0	33.0	34.0	35.0	36.0	37.0	38.0
20210615-MA-MBB1P_S90_L001_R2_001	1.0	1.0	5.0	6.0	8.0	13.0	11.0	13.0	28.0	33.0	63.0	62.0	87.0	137.0	172.0	238.0	311.0	371.0	584.0	940.0	2393.0	358.0
	20.0	21.0	22.0	23.0	24.0	25.0	26.0	27.0	28.0	29.0	30.0	31.0	32.0	33.0	34.0	35.0	36.0	37.0	38.0
20210615-MA-MBB1W_S71_L001_R1_001	1.0	5.0	8.0	17.0	11.0	31.0	36.0	46.0	64.0	81.0	127.0	167.0	203.0	245.0	359.0	511.0	946.0	3123.0	338.0
	18.0	19.0	20.0	21.0	22.0	23.0	24.0	25.0	26.0	27.0	28.0	29.0	30.0	31.0	32.0	33.0	34.0	35.0	36.0	37.0	38.0
20210615-MA-MBB1W_S71_L001_R2_001	3.0	5.0	5.0	6.0	9.0	16.0	26.0	24.0	51.0	74.0	81.0	118.0	154.0	216.0	253.0	314.0	432.0	633.0	1033.0	2594.0	272.0
	18.0	19.0	20.0	21.0	22.0	23.0	24.0	25.0	26.0	27.0	28.0	29.0	30.0	31.0	32.0	33.0	34.0	35.0	36.0	37.0	38.0
20210615-MA-MBS1F_S23_L001_R1_001	1.0	0.0	1.0	3.0	5.0	9.0	29.0	25.0	30.0	45.0	74.0	90.0	119.0	152.0	184.0	267.0	348.0	508.0	964.0	3358.0	249.0
	17.0	18.0	19.0	20.0	21.0	22.0	23.0	24.0	25.0	26.0	27.0	28.0	29.0	30.0	31.0	32.0	33.0	34.0	35.0	36.0	37.0	38.0
20210615-MA-MBS1F_S23_L001_R2_001	1.0	3.0	2.0	3.0	3.0	14.0	10.0	23.0	29.0	41.0	58.0	84.0	100.0	162.0	216.0	249.0	326.0	392.0	621.0	1045.0	2781.0	298.0
	21.0	22.0	23.0	24.0	25.0	26.0	27.0	28.0	29.0	30.0	31.0	32.0	33.0	34.0	35.0	36.0	37.0	38.0
20210615-MA-MBS1P_S89_L001_R1_001	3.0	9.0	5.0	11.0	15.0	42.0	48.0	61.0	82.0	103.0	177.0	194.0	256.0	359.0	555.0	960.0	3612.0	604.0
	16.0	17.0	18.0	19.0	20.0	21.0	22.0	23.0	24.0	25.0	26.0	27.0	28.0	29.0	30.0	31.0	32.0	33.0	34.0	35.0	36.0	37.0	38.0
20210615-MA-MBS1P_S89_L001_R2_001	1.0	1.0	2.0	7.0	6.0	5.0	12.0	12.0	22.0	29.0	29.0	52.0	80.0	110.0	172.0	193.0	277.0	351.0	463.0	594.0	1049.0	2939.0	690.0
	19.0	20.0	21.0	22.0	23.0	24.0	25.0	26.0	27.0	28.0	29.0	30.0	31.0	32.0	33.0	34.0	35.0	36.0	37.0	38.0
20210615-MA-MBS1W_S83_L001_R1_001	1.0	1.0	4.0	4.0	19.0	23.0	32.0	34.0	55.0	78.0	104.0	126.0	178.0	249.0	314.0	426.0	675.0	1170.0	3970.0	387.0
	16.0	17.0	18.0	19.0	20.0	21.0	22.0	23.0	24.0	25.0	26.0	27.0	28.0	29.0	30.0	31.0	32.0	33.0	34.0	35.0	36.0	37.0	38.0
20210615-MA-MBS1W_S83_L001_R2_001	1.0	7.0	3.0	6.0	6.0	14.0	22.0	34.0	39.0	71.0	88.0	136.0	168.0	244.0	280.0	369.0	425.0	438.0	613.0	825.0	1326.0	2544.0	191.0
	29.0	30.0	31.0	32.0	33.0	34.0	35.0	36.0	37.0
20210615-MA-SCB2F_S86_L001_R1_001	1.0	1.0	1.0	1.0	0.0	0.0	0.0	1.0	5.0
	19.0	20.0	21.0	22.0	23.0	24.0	25.0	26.0	27.0	28.0	29.0	30.0	31.0	32.0	33.0	34.0	35.0	36.0	37.0
20210615-MA-SCB2F_S86_L001_R2_001	1.0	0.0	0.0	0.0	0.0	0.0	0.0	1.0	2.0	0.0	0.0	1.0	1.0	0.0	1.0	1.0	0.0	1.0	1.0
	19.0	20.0	21.0	22.0	23.0	24.0	25.0	26.0	27.0	28.0	29.0	30.0	31.0	32.0	33.0	34.0	35.0	36.0	37.0	38.0
20210615-MA-SCB2P_S76_L001_R1_001	2.0	1.0	0.0	6.0	7.0	19.0	22.0	28.0	38.0	62.0	69.0	96.0	160.0	211.0	287.0	376.0	546.0	1050.0	3417.0	623.0
	17.0	18.0	19.0	20.0	21.0	22.0	23.0	24.0	25.0	26.0	27.0	28.0	29.0	30.0	31.0	32.0	33.0	34.0	35.0	36.0	37.0	38.0
20210615-MA-SCB2P_S76_L001_R2_001	1.0	4.0	12.0	15.0	8.0	16.0	21.0	38.0	48.0	71.0	108.0	135.0	195.0	266.0	324.0	393.0	425.0	522.0	717.0	1167.0	2227.0	307.0
	19.0	20.0	21.0	22.0	23.0	24.0	25.0	26.0	27.0	28.0	29.0	30.0	31.0	32.0	33.0	34.0	35.0	36.0	37.0	38.0
20210615-MA-SCB2W_S20_L001_R1_001	1.0	0.0	4.0	4.0	9.0	16.0	18.0	26.0	35.0	46.0	73.0	92.0	103.0	159.0	228.0	315.0	489.0	884.0	3107.0	577.0
	17.0	18.0	19.0	20.0	21.0	22.0	23.0	24.0	25.0	26.0	27.0	28.0	29.0	30.0	31.0	32.0	33.0	34.0	35.0	36.0	37.0	38.0
20210615-MA-SCB2W_S20_L001_R2_001	1.0	0.0	12.0	4.0	7.0	9.0	19.0	18.0	23.0	37.0	49.0	63.0	94.0	117.0	154.0	223.0	309.0	409.0	566.0	1045.0	2620.0	407.0
	22.0	23.0	24.0	25.0	26.0	27.0	28.0	29.0	30.0	31.0	32.0	33.0	34.0	35.0	36.0	37.0	38.0
20210615-MA-SCS2F_S19_L001_R1_001	9.0	10.0	16.0	21.0	22.0	33.0	37.0	49.0	82.0	93.0	155.0	194.0	250.0	355.0	737.0	2434.0	327.0
	18.0	19.0	20.0	21.0	22.0	23.0	24.0	25.0	26.0	27.0	28.0	29.0	30.0	31.0	32.0	33.0	34.0	35.0	36.0	37.0	38.0
20210615-MA-SCS2F_S19_L001_R2_001	1.0	8.0	3.0	5.0	6.0	11.0	15.0	24.0	29.0	58.0	41.0	72.0	90.0	144.0	171.0	257.0	297.0	456.0	755.0	2047.0	334.0
	20.0	21.0	22.0	23.0	24.0	25.0	26.0	27.0	28.0	29.0	30.0	31.0	32.0	33.0	34.0	35.0	36.0	37.0	38.0
20210615-MA-SCS2P_S1_L001_R1_001	1.0	2.0	7.0	11.0	18.0	28.0	37.0	44.0	73.0	81.0	135.0	190.0	257.0	366.0	478.0	714.0	1208.0	4937.0	1785.0
	15.0	16.0	17.0	18.0	19.0	20.0	21.0	22.0	23.0	24.0	25.0	26.0	27.0	28.0	29.0	30.0	31.0	32.0	33.0	34.0	35.0	36.0	37.0	38.0
20210615-MA-SCS2P_S1_L001_R2_001	1.0	1.0	1.0	1.0	5.0	13.0	13.0	18.0	23.0	34.0	40.0	52.0	75.0	105.0	149.0	179.0	259.0	362.0	449.0	651.0	877.0	1468.0	3602.0	1994.0
	17.0	18.0	19.0	20.0	21.0	22.0	23.0	24.0	25.0	26.0	27.0	28.0	29.0	30.0	31.0	32.0	33.0	34.0	35.0	36.0	37.0	38.0
20210615-MA-SCS2W_S43_L001_R1_001	1.0	0.0	1.0	0.0	2.0	3.0	7.0	22.0	20.0	25.0	41.0	50.0	72.0	98.0	130.0	189.0	240.0	336.0	482.0	868.0	2889.0	375.0
	19.0	20.0	21.0	22.0	23.0	24.0	25.0	26.0	27.0	28.0	29.0	30.0	31.0	32.0	33.0	34.0	35.0	36.0	37.0	38.0
20210615-MA-SCS2W_S43_L001_R2_001	4.0	4.0	6.0	8.0	14.0	15.0	33.0	36.0	45.0	80.0	113.0	160.0	186.0	226.0	328.0	411.0	552.0	927.0	2414.0	289.0
	19.0	20.0	21.0	22.0	23.0	24.0	25.0	26.0	27.0	28.0	29.0	30.0	31.0	32.0	33.0	34.0	35.0	36.0	37.0	38.0
20211005-MA-ABB2F_S3_L001_R1_001	2.0	1.0	4.0	9.0	9.0	28.0	31.0	50.0	49.0	62.0	84.0	113.0	128.0	199.0	274.0	358.0	563.0	973.0	3261.0	286.0
	17.0	18.0	19.0	20.0	21.0	22.0	23.0	24.0	25.0	26.0	27.0	28.0	29.0	30.0	31.0	32.0	33.0	34.0	35.0	36.0	37.0	38.0
20211005-MA-ABB2F_S3_L001_R2_001	2.0	1.0	4.0	10.0	8.0	11.0	15.0	14.0	29.0	36.0	65.0	83.0	107.0	147.0	217.0	260.0	304.0	455.0	628.0	1095.0	2696.0	297.0
	20.0	21.0	22.0	23.0	24.0	25.0	26.0	27.0	28.0	29.0	30.0	31.0	32.0	33.0	34.0	35.0	36.0	37.0	38.0
20211005-MA-ABB2P_S49_L001_R1_001	2.0	5.0	7.0	4.0	19.0	36.0	50.0	52.0	59.0	99.0	140.0	159.0	239.0	339.0	447.0	622.0	1134.0	4612.0	690.0
	17.0	18.0	19.0	20.0	21.0	22.0	23.0	24.0	25.0	26.0	27.0	28.0	29.0	30.0	31.0	32.0	33.0	34.0	35.0	36.0	37.0	38.0
20211005-MA-ABB2P_S49_L001_R2_001	1.0	7.0	6.0	10.0	10.0	9.0	24.0	25.0	33.0	53.0	67.0	95.0	110.0	189.0	236.0	287.0	428.0	537.0	719.0	1273.0	3808.0	788.0
	19.0	20.0	21.0	22.0	23.0	24.0	25.0	26.0	27.0	28.0	29.0	30.0	31.0	32.0	33.0	34.0	35.0	36.0	37.0	38.0
20211005-MA-ABB2W_S64_L001_R1_001	1.0	4.0	2.0	7.0	13.0	31.0	34.0	42.0	60.0	70.0	90.0	148.0	176.0	252.0	331.0	404.0	622.0	1164.0	3936.0	343.0
	18.0	19.0	20.0	21.0	22.0	23.0	24.0	25.0	26.0	27.0	28.0	29.0	30.0	31.0	32.0	33.0	34.0	35.0	36.0	37.0	38.0
20211005-MA-ABB2W_S64_L001_R2_001	3.0	3.0	5.0	10.0	9.0	12.0	23.0	49.0	46.0	72.0	108.0	141.0	195.0	242.0	331.0	410.0	500.0	759.0	1322.0	3231.0	259.0
	20.0	21.0	22.0	23.0	24.0	25.0	26.0	27.0	28.0	29.0	30.0	31.0	32.0	33.0	34.0	35.0	36.0	37.0	38.0
20211005-MA-ABS1F_S15_L001_R1_001	1.0	1.0	6.0	5.0	17.0	22.0	33.0	39.0	53.0	78.0	97.0	129.0	170.0	238.0	313.0	511.0	830.0	2886.0	257.0
	17.0	18.0	19.0	20.0	21.0	22.0	23.0	24.0	25.0	26.0	27.0	28.0	29.0	30.0	31.0	32.0	33.0	34.0	35.0	36.0	37.0	38.0
20211005-MA-ABS1F_S15_L001_R2_001	1.0	2.0	6.0	6.0	2.0	4.0	12.0	12.0	17.0	31.0	50.0	69.0	92.0	115.0	171.0	206.0	288.0	396.0	548.0	890.0	2486.0	282.0
	19.0	20.0	21.0	22.0	23.0	24.0	25.0	26.0	27.0	28.0	29.0	30.0	31.0	32.0	33.0	34.0	35.0	36.0	37.0	38.0
20211005-MA-ABS1P_S13_L001_R1_001	1.0	2.0	5.0	1.0	7.0	11.0	18.0	24.0	35.0	57.0	73.0	109.0	141.0	168.0	246.0	335.0	499.0	924.0	3224.0	360.0
	18.0	19.0	20.0	21.0	22.0	23.0	24.0	25.0	26.0	27.0	28.0	29.0	30.0	31.0	32.0	33.0	34.0	35.0	36.0	37.0	38.0
20211005-MA-ABS1P_S13_L001_R2_001	3.0	5.0	6.0	4.0	4.0	22.0	23.0	21.0	31.0	40.0	67.0	72.0	122.0	163.0	236.0	291.0	390.0	532.0	961.0	2750.0	497.0
	19.0	20.0	21.0	22.0	23.0	24.0	25.0	26.0	27.0	28.0	29.0	30.0	31.0	32.0	33.0	34.0	35.0	36.0	37.0	38.0
20211005-MA-ABS1W_S16_L001_R1_001	1.0	1.0	1.0	3.0	12.0	26.0	17.0	51.0	29.0	56.0	105.0	108.0	145.0	216.0	241.0	322.0	531.0	967.0	3274.0	273.0
	17.0	18.0	19.0	20.0	21.0	22.0	23.0	24.0	25.0	26.0	27.0	28.0	29.0	30.0	31.0	32.0	33.0	34.0	35.0	36.0	37.0	38.0
20211005-MA-ABS1W_S16_L001_R2_001	1.0	1.0	6.0	6.0	11.0	10.0	8.0	25.0	26.0	35.0	48.0	65.0	94.0	153.0	200.0	241.0	348.0	470.0	610.0	1112.0	2677.0	232.0
	20.0	21.0	22.0	23.0	24.0	25.0	26.0	27.0	28.0	29.0	30.0	31.0	32.0	33.0	34.0	35.0	36.0	37.0	38.0
20211005-MA-CEB1F_S39_L001_R1_001	2.0	8.0	4.0	9.0	19.0	27.0	40.0	49.0	47.0	53.0	99.0	151.0	164.0	214.0	304.0	463.0	841.0	2687.0	301.0
	17.0	18.0	19.0	20.0	21.0	22.0	23.0	24.0	25.0	26.0	27.0	28.0	29.0	30.0	31.0	32.0	33.0	34.0	35.0	36.0	37.0	38.0
20211005-MA-CEB1F_S39_L001_R2_001	3.0	4.0	2.0	5.0	7.0	6.0	13.0	18.0	33.0	27.0	52.0	62.0	92.0	148.0	183.0	255.0	300.0	330.0	542.0	896.0	2245.0	259.0
	19.0	20.0	21.0	22.0	23.0	24.0	25.0	26.0	27.0	28.0	29.0	30.0	31.0	32.0	33.0	34.0	35.0	36.0	37.0	38.0
20211005-MA-CEB1P_S62_L001_R1_001	1.0	1.0	3.0	4.0	16.0	27.0	36.0	35.0	44.0	60.0	106.0	120.0	144.0	203.0	282.0	415.0	574.0	1060.0	3771.0	404.0
	17.0	18.0	19.0	20.0	21.0	22.0	23.0	24.0	25.0	26.0	27.0	28.0	29.0	30.0	31.0	32.0	33.0	34.0	35.0	36.0	37.0	38.0
20211005-MA-CEB1P_S62_L001_R2_001	4.0	7.0	3.0	8.0	13.0	6.0	13.0	19.0	34.0	48.0	60.0	79.0	126.0	171.0	212.0	273.0	328.0	504.0	658.0	1192.0	3047.0	501.0
	16.0	17.0	18.0	19.0	20.0	21.0	22.0	23.0	24.0	25.0	26.0	27.0	28.0	29.0	30.0	31.0	32.0	33.0	34.0	35.0	36.0	37.0	38.0
20211005-MA-CEB1W_S72_L001_R1_001	1.0	0.0	1.0	3.0	2.0	5.0	7.0	14.0	26.0	34.0	48.0	55.0	74.0	89.0	143.0	184.0	247.0	313.0	445.0	581.0	1134.0	3614.0	425.0
	17.0	18.0	19.0	20.0	21.0	22.0	23.0	24.0	25.0	26.0	27.0	28.0	29.0	30.0	31.0	32.0	33.0	34.0	35.0	36.0	37.0	38.0
20211005-MA-CEB1W_S72_L001_R2_001	2.0	5.0	5.0	7.0	7.0	13.0	22.0	29.0	45.0	64.0	81.0	102.0	137.0	197.0	266.0	336.0	422.0	482.0	800.0	1189.0	2914.0	320.0
	19.0	20.0	21.0	22.0	23.0	24.0	25.0	26.0	27.0	28.0	29.0	30.0	31.0	32.0	33.0	34.0	35.0	36.0	37.0	38.0
20211005-MA-CES2F_S74_L001_R1_001	1.0	1.0	2.0	7.0	22.0	29.0	34.0	39.0	60.0	88.0	90.0	134.0	200.0	249.0	333.0	447.0	588.0	1093.0	3793.0	379.0
	17.0	18.0	19.0	20.0	21.0	22.0	23.0	24.0	25.0	26.0	27.0	28.0	29.0	30.0	31.0	32.0	33.0	34.0	35.0	36.0	37.0	38.0
20211005-MA-CES2F_S74_L001_R2_001	2.0	7.0	8.0	10.0	12.0	21.0	30.0	48.0	66.0	87.0	104.0	137.0	216.0	283.0	360.0	354.0	442.0	598.0	727.0	1260.0	2582.0	235.0
	17.0	18.0	19.0	20.0	21.0	22.0	23.0	24.0	25.0	26.0	27.0	28.0	29.0	30.0	31.0	32.0	33.0	34.0	35.0	36.0	37.0	38.0
20211005-MA-CES2P_S61_L001_R1_001	1.0	0.0	0.0	2.0	1.0	8.0	16.0	18.0	26.0	39.0	52.0	75.0	114.0	138.0	158.0	227.0	340.0	418.0	597.0	1138.0	3952.0	262.0
	17.0	18.0	19.0	20.0	21.0	22.0	23.0	24.0	25.0	26.0	27.0	28.0	29.0	30.0	31.0	32.0	33.0	34.0	35.0	36.0	37.0	38.0
20211005-MA-CES2P_S61_L001_R2_001	3.0	3.0	4.0	5.0	12.0	15.0	20.0	19.0	36.0	58.0	78.0	79.0	135.0	152.0	217.0	291.0	344.0	465.0	745.0	1288.0	3314.0	299.0
	20.0	21.0	22.0	23.0	24.0	25.0	26.0	27.0	28.0	29.0	30.0	31.0	32.0	33.0	34.0	35.0	36.0	37.0	38.0
20211005-MA-CES2W_S7_L001_R1_001	1.0	3.0	7.0	9.0	19.0	33.0	26.0	47.0	60.0	90.0	112.0	141.0	191.0	240.0	356.0	467.0	832.0	2901.0	165.0
	17.0	18.0	19.0	20.0	21.0	22.0	23.0	24.0	25.0	26.0	27.0	28.0	29.0	30.0	31.0	32.0	33.0	34.0	35.0	36.0	37.0	38.0
20211005-MA-CES2W_S7_L001_R2_001	2.0	4.0	2.0	4.0	8.0	13.0	14.0	9.0	26.0	40.0	60.0	74.0	85.0	131.0	168.0	254.0	306.0	351.0	559.0	949.0	2444.0	197.0
	20.0	21.0	22.0	23.0	24.0	25.0	26.0	27.0	28.0	29.0	30.0	31.0	32.0	33.0	34.0	35.0	36.0	37.0	38.0
20211005-MA-CWB1F_S14_L001_R1_001	2.0	5.0	5.0	20.0	33.0	34.0	63.0	63.0	89.0	143.0	183.0	185.0	253.0	301.0	393.0	496.0	784.0	2581.0	273.0
	16.0	17.0	18.0	19.0	20.0	21.0	22.0	23.0	24.0	25.0	26.0	27.0	28.0	29.0	30.0	31.0	32.0	33.0	34.0	35.0	36.0	37.0	38.0
20211005-MA-CWB1F_S14_L001_R2_001	1.0	3.0	4.0	6.0	7.0	3.0	8.0	8.0	15.0	29.0	30.0	51.0	63.0	91.0	176.0	181.0	264.0	314.0	363.0	531.0	884.0	2542.0	332.0
	20.0	21.0	22.0	23.0	24.0	25.0	26.0	27.0	28.0	29.0	30.0	31.0	32.0	33.0	34.0	35.0	36.0	37.0	38.0
20211005-MA-CWB1P_S50_L001_R1_001	2.0	2.0	3.0	14.0	37.0	32.0	47.0	72.0	83.0	116.0	160.0	176.0	202.0	267.0	379.0	491.0	782.0	2585.0	219.0
	18.0	19.0	20.0	21.0	22.0	23.0	24.0	25.0	26.0	27.0	28.0	29.0	30.0	31.0	32.0	33.0	34.0	35.0	36.0	37.0	38.0
20211005-MA-CWB1P_S50_L001_R2_001	2.0	3.0	4.0	7.0	6.0	13.0	24.0	37.0	36.0	47.0	73.0	101.0	138.0	172.0	212.0	286.0	368.0	473.0	916.0	2445.0	306.0
	21.0	22.0	23.0	24.0	25.0	26.0	27.0	28.0	29.0	30.0	31.0	32.0	33.0	34.0	35.0	36.0	37.0	38.0
20211005-MA-CWB1W_S38_L001_R1_001	5.0	7.0	11.0	20.0	25.0	40.0	76.0	87.0	96.0	124.0	170.0	193.0	254.0	336.0	454.0	751.0	2253.0	225.0
	17.0	18.0	19.0	20.0	21.0	22.0	23.0	24.0	25.0	26.0	27.0	28.0	29.0	30.0	31.0	32.0	33.0	34.0	35.0	36.0	37.0	38.0
20211005-MA-CWB1W_S38_L001_R2_001	3.0	3.0	4.0	7.0	5.0	15.0	11.0	14.0	14.0	33.0	56.0	58.0	89.0	123.0	168.0	254.0	272.0	341.0	475.0	847.0	2077.0	258.0
	20.0	21.0	22.0	23.0	24.0	25.0	26.0	27.0	28.0	29.0	30.0	31.0	32.0	33.0	34.0	35.0	36.0	37.0	38.0
20211005-MA-CWS1F_S73_L001_R1_001	1.0	9.0	6.0	19.0	36.0	45.0	62.0	76.0	94.0	158.0	186.0	258.0	314.0	392.0	488.0	617.0	1030.0	3288.0	608.0
	17.0	18.0	19.0	20.0	21.0	22.0	23.0	24.0	25.0	26.0	27.0	28.0	29.0	30.0	31.0	32.0	33.0	34.0	35.0	36.0	37.0	38.0
20211005-MA-CWS1F_S73_L001_R2_001	3.0	4.0	7.0	10.0	14.0	14.0	29.0	42.0	46.0	75.0	115.0	147.0	213.0	252.0	321.0	385.0	462.0	564.0	752.0	1314.0	2563.0	355.0
	20.0	21.0	22.0	23.0	24.0	25.0	26.0	27.0	28.0	29.0	30.0	31.0	32.0	33.0	34.0	35.0	36.0	37.0	38.0
20211005-MA-CWS1P_S37_L001_R1_001	2.0	4.0	10.0	12.0	12.0	25.0	55.0	53.0	58.0	103.0	135.0	185.0	228.0	286.0	354.0	462.0	756.0	2491.0	455.0
	16.0	17.0	18.0	19.0	20.0	21.0	22.0	23.0	24.0	25.0	26.0	27.0	28.0	29.0	30.0	31.0	32.0	33.0	34.0	35.0	36.0	37.0	38.0
20211005-MA-CWS1P_S37_L001_R2_001	1.0	2.0	2.0	2.0	5.0	7.0	7.0	16.0	14.0	28.0	34.0	58.0	85.0	98.0	129.0	181.0	225.0	303.0	397.0	554.0	922.0	2188.0	428.0
	19.0	20.0	21.0	22.0	23.0	24.0	25.0	26.0	27.0	28.0	29.0	30.0	31.0	32.0	33.0	34.0	35.0	36.0	37.0	38.0
20211005-MA-CWS1W_S2_L001_R1_001	1.0	0.0	4.0	5.0	19.0	22.0	27.0	48.0	62.0	75.0	114.0	137.0	171.0	215.0	264.0	345.0	422.0	740.0	2323.0	233.0
	17.0	18.0	19.0	20.0	21.0	22.0	23.0	24.0	25.0	26.0	27.0	28.0	29.0	30.0	31.0	32.0	33.0	34.0	35.0	36.0	37.0	38.0
20211005-MA-CWS1W_S2_L001_R2_001	1.0	3.0	5.0	6.0	11.0	10.0	10.0	18.0	18.0	33.0	47.0	67.0	94.0	139.0	174.0	215.0	266.0	318.0	493.0	756.0	2255.0	288.0
	20.0	21.0	22.0	23.0	24.0	25.0	26.0	27.0	28.0	29.0	30.0	31.0	32.0	33.0	34.0	35.0	36.0	37.0	38.0
20211005-MA-MBB1F_S4_L001_R1_001	1.0	4.0	8.0	14.0	32.0	39.0	55.0	56.0	80.0	105.0	145.0	179.0	247.0	349.0	445.0	676.0	1149.0	3712.0	387.0
	17.0	18.0	19.0	20.0	21.0	22.0	23.0	24.0	25.0	26.0	27.0	28.0	29.0	30.0	31.0	32.0	33.0	34.0	35.0	36.0	37.0	38.0
20211005-MA-MBB1F_S4_L001_R2_001	1.0	2.0	9.0	4.0	6.0	10.0	15.0	27.0	36.0	65.0	72.0	115.0	135.0	217.0	273.0	358.0	399.0	525.0	748.0	1289.0	3037.0	340.0
	19.0	20.0	21.0	22.0	23.0	24.0	25.0	26.0	27.0	28.0	29.0	30.0	31.0	32.0	33.0	34.0	35.0	36.0	37.0	38.0
20211005-MA-MBB1P_S85_L001_R1_001	2.0	1.0	3.0	5.0	21.0	21.0	43.0	42.0	82.0	76.0	118.0	175.0	212.0	252.0	390.0	535.0	768.0	1483.0	5325.0	709.0
	17.0	18.0	19.0	20.0	21.0	22.0	23.0	24.0	25.0	26.0	27.0	28.0	29.0	30.0	31.0	32.0	33.0	34.0	35.0	36.0	37.0	38.0
20211005-MA-MBB1P_S85_L001_R2_001	2.0	9.0	6.0	14.0	9.0	16.0	24.0	32.0	56.0	61.0	70.0	119.0	168.0	236.0	253.0	370.0	447.0	693.0	931.0	1560.0	4286.0	901.0
	17.0	18.0	19.0	20.0	21.0	22.0	23.0	24.0	25.0	26.0	27.0	28.0	29.0	30.0	31.0	32.0	33.0	34.0	35.0	36.0	37.0	38.0
20211005-MA-MBB1W_S56_L001_R1_001	1.0	0.0	0.0	3.0	4.0	6.0	21.0	23.0	47.0	62.0	72.0	84.0	96.0	156.0	215.0	301.0	401.0	545.0	829.0	1486.0	5347.0	582.0
	17.0	18.0	19.0	20.0	21.0	22.0	23.0	24.0	25.0	26.0	27.0	28.0	29.0	30.0	31.0	32.0	33.0	34.0	35.0	36.0	37.0	38.0
20211005-MA-MBB1W_S56_L001_R2_001	2.0	4.0	7.0	13.0	11.0	10.0	16.0	17.0	40.0	62.0	77.0	110.0	132.0	219.0	271.0	385.0	513.0	640.0	987.0	1721.0	4568.0	476.0
	20.0	21.0	22.0	23.0	24.0	25.0	26.0	27.0	28.0	29.0	30.0	31.0	32.0	33.0	34.0	35.0	36.0	37.0	38.0
20211005-MA-MBS1F_S48_L001_R1_001	2.0	4.0	6.0	16.0	26.0	33.0	31.0	49.0	56.0	80.0	107.0	145.0	187.0	264.0	406.0	514.0	992.0	3313.0	312.0
	17.0	18.0	19.0	20.0	21.0	22.0	23.0	24.0	25.0	26.0	27.0	28.0	29.0	30.0	31.0	32.0	33.0	34.0	35.0	36.0	37.0	38.0
20211005-MA-MBS1F_S48_L001_R2_001	2.0	3.0	8.0	11.0	12.0	9.0	26.0	13.0	33.0	69.0	67.0	104.0	140.0	174.0	244.0	290.0	360.0	493.0	653.0	1121.0	2468.0	243.0
	19.0	20.0	21.0	22.0	23.0	24.0	25.0	26.0	27.0	28.0	29.0	30.0	31.0	32.0	33.0	34.0	35.0	36.0	37.0	38.0
20211005-MA-MBS1P_S26_L001_R1_001	2.0	1.0	5.0	3.0	11.0	10.0	24.0	33.0	45.0	48.0	68.0	99.0	133.0	217.0	231.0	329.0	451.0	920.0	3207.0	416.0
	17.0	18.0	19.0	20.0	21.0	22.0	23.0	24.0	25.0	26.0	27.0	28.0	29.0	30.0	31.0	32.0	33.0	34.0	35.0	36.0	37.0	38.0
20211005-MA-MBS1P_S26_L001_R2_001	1.0	7.0	5.0	5.0	6.0	7.0	18.0	13.0	35.0	34.0	64.0	70.0	97.0	139.0	189.0	252.0	300.0	380.0	541.0	911.0	2686.0	493.0
	19.0	20.0	21.0	22.0	23.0	24.0	25.0	26.0	27.0	28.0	29.0	30.0	31.0	32.0	33.0	34.0	35.0	36.0	37.0	38.0
20211005-MA-MBS1W_S60_L001_R1_001	2.0	4.0	1.0	10.0	9.0	33.0	29.0	52.0	50.0	98.0	101.0	133.0	192.0	239.0	291.0	428.0	601.0	1131.0	4182.0	509.0
	17.0	18.0	19.0	20.0	21.0	22.0	23.0	24.0	25.0	26.0	27.0	28.0	29.0	30.0	31.0	32.0	33.0	34.0	35.0	36.0	37.0	38.0
20211005-MA-MBS1W_S60_L001_R2_001	2.0	2.0	8.0	12.0	11.0	14.0	19.0	25.0	38.0	64.0	86.0	93.0	159.0	220.0	269.0	312.0	410.0	527.0	747.0	1284.0	3404.0	389.0
	17.0	18.0	19.0	20.0	21.0	22.0	23.0	24.0	25.0	26.0	27.0	28.0	29.0	30.0	31.0	32.0	33.0	34.0	35.0	36.0	37.0	38.0
20211005-MA-SCB1F_S51_L001_R1_001	1.0	0.0	0.0	1.0	4.0	9.0	16.0	27.0	32.0	35.0	52.0	80.0	84.0	137.0	153.0	251.0	299.0	383.0	623.0	1218.0	4639.0	597.0
	18.0	19.0	20.0	21.0	22.0	23.0	24.0	25.0	26.0	27.0	28.0	29.0	30.0	31.0	32.0	33.0	34.0	35.0	36.0	37.0	38.0
20211005-MA-SCB1F_S51_L001_R2_001	3.0	4.0	6.0	7.0	15.0	19.0	27.0	33.0	45.0	66.0	77.0	124.0	186.0	226.0	342.0	392.0	542.0	783.0	1410.0	3806.0	528.0
	19.0	20.0	21.0	22.0	23.0	24.0	25.0	26.0	27.0	28.0	29.0	30.0	31.0	32.0	33.0	34.0	35.0	36.0	37.0	38.0
20211005-MA-SCB1P_S27_L001_R1_001	1.0	2.0	4.0	7.0	16.0	13.0	38.0	42.0	41.0	73.0	90.0	111.0	152.0	188.0	243.0	357.0	553.0	1009.0	3576.0	464.0
	17.0	18.0	19.0	20.0	21.0	22.0	23.0	24.0	25.0	26.0	27.0	28.0	29.0	30.0	31.0	32.0	33.0	34.0	35.0	36.0	37.0	38.0
20211005-MA-SCB1P_S27_L001_R2_001	1.0	2.0	4.0	7.0	5.0	4.0	15.0	16.0	30.0	44.0	58.0	100.0	100.0	166.0	217.0	290.0	356.0	461.0	663.0	1167.0	2836.0	438.0
	21.0	22.0	23.0	24.0	25.0	26.0	27.0	28.0	29.0	30.0	31.0	32.0	33.0	34.0	35.0	36.0	37.0	38.0
20211005-MA-SCB1W_S95_L001_R1_001	7.0	4.0	16.0	20.0	26.0	49.0	54.0	62.0	106.0	149.0	179.0	244.0	339.0	503.0	630.0	1199.0	4238.0	771.0
	17.0	18.0	19.0	20.0	21.0	22.0	23.0	24.0	25.0	26.0	27.0	28.0	29.0	30.0	31.0	32.0	33.0	34.0	35.0	36.0	37.0	38.0
20211005-MA-SCB1W_S95_L001_R2_001	1.0	3.0	11.0	6.0	8.0	10.0	20.0	23.0	37.0	60.0	83.0	139.0	150.0	209.0	259.0	342.0	474.0	549.0	759.0	1273.0	3471.0	709.0
	20.0	21.0	22.0	23.0	24.0	25.0	26.0	27.0	28.0	29.0	30.0	31.0	32.0	33.0	34.0	35.0	36.0	37.0	38.0
20211005-MA-SCS2F_S63_L001_R1_001	1.0	0.0	9.0	14.0	30.0	43.0	37.0	68.0	64.0	87.0	110.0	158.0	215.0	300.0	392.0	590.0	1134.0	3842.0	441.0
	17.0	18.0	19.0	20.0	21.0	22.0	23.0	24.0	25.0	26.0	27.0	28.0	29.0	30.0	31.0	32.0	33.0	34.0	35.0	36.0	37.0	38.0
20211005-MA-SCS2F_S63_L001_R2_001	2.0	2.0	6.0	9.0	7.0	6.0	22.0	24.0	38.0	52.0	71.0	82.0	111.0	171.0	235.0	324.0	394.0	525.0	724.0	1237.0	3120.0	373.0
	18.0	19.0	20.0	21.0	22.0	23.0	24.0	25.0	26.0	27.0	28.0	29.0	30.0	31.0	32.0	33.0	34.0	35.0	36.0	37.0	38.0
20211005-MA-SCS2P_S25_L001_R1_001	1.0	0.0	0.0	5.0	8.0	13.0	13.0	30.0	37.0	60.0	56.0	70.0	100.0	140.0	148.0	237.0	356.0	495.0	940.0	3445.0	662.0
	16.0	17.0	18.0	19.0	20.0	21.0	22.0	23.0	24.0	25.0	26.0	27.0	28.0	29.0	30.0	31.0	32.0	33.0	34.0	35.0	36.0	37.0	38.0
20211005-MA-SCS2P_S25_L001_R2_001	2.0	4.0	5.0	11.0	7.0	10.0	12.0	19.0	16.0	39.0	39.0	54.0	82.0	114.0	130.0	193.0	259.0	324.0	471.0	629.0	1018.0	2652.0	726.0
	20.0	21.0	22.0	23.0	24.0	25.0	26.0	27.0	28.0	29.0	30.0	31.0	32.0	33.0	34.0	35.0	36.0	37.0	38.0
20211005-MA-SCS2W_S75_L001_R1_001	1.0	4.0	5.0	5.0	30.0	29.0	28.0	46.0	65.0	81.0	122.0	147.0	241.0	306.0	346.0	613.0	1072.0	3802.0	414.0
	18.0	19.0	20.0	21.0	22.0	23.0	24.0	25.0	26.0	27.0	28.0	29.0	30.0	31.0	32.0	33.0	34.0	35.0	36.0	37.0	38.0
20211005-MA-SCS2W_S75_L001_R2_001	5.0	7.0	10.0	11.0	14.0	25.0	44.0	60.0	73.0	93.0	152.0	181.0	270.0	345.0	394.0	422.0	591.0	766.0	1235.0	2457.0	202.0
	21.0	22.0	23.0	24.0	25.0	26.0	27.0	28.0	29.0	30.0	31.0	32.0	33.0	34.0	35.0	36.0	37.0	38.0
3um-Control_S24_L001_R1_001	4.0	3.0	10.0	8.0	18.0	34.0	37.0	54.0	69.0	111.0	139.0	198.0	310.0	383.0	629.0	1180.0	6231.0	39.0
	17.0	18.0	19.0	20.0	21.0	22.0	23.0	24.0	25.0	26.0	27.0	28.0	29.0	30.0	31.0	32.0	33.0	34.0	35.0	36.0	37.0	38.0
3um-Control_S24_L001_R2_001	5.0	10.0	9.0	9.0	12.0	26.0	19.0	20.0	39.0	54.0	75.0	118.0	151.0	181.0	281.0	290.0	403.0	546.0	708.0	1324.0	4388.0	789.0
	16.0	17.0	18.0	19.0	20.0	21.0	22.0	23.0	24.0	25.0	26.0	27.0	28.0	29.0	30.0	31.0	32.0	33.0	34.0	35.0	36.0	37.0	38.0
CJ-V08-P_S52_L001_R1_001	1.0	0.0	0.0	1.0	0.0	2.0	6.0	4.0	13.0	10.0	17.0	27.0	43.0	42.0	95.0	144.0	139.0	205.0	299.0	477.0	813.0	3332.0	1345.0
	17.0	18.0	19.0	20.0	21.0	22.0	23.0	24.0	25.0	26.0	27.0	28.0	29.0	30.0	31.0	32.0	33.0	34.0	35.0	36.0	37.0	38.0
CJ-V08-P_S52_L001_R2_001	1.0	3.0	7.0	8.0	12.0	7.0	9.0	21.0	23.0	45.0	56.0	64.0	94.0	121.0	194.0	238.0	308.0	408.0	555.0	965.0	2660.0	1216.0
	19.0	20.0	21.0	22.0	23.0	24.0	25.0	26.0	27.0	28.0	29.0	30.0	31.0	32.0	33.0	34.0	35.0	36.0	37.0	38.0
DNA-Ext-Control_S12_L001_R1_001	1.0	1.0	0.0	3.0	7.0	12.0	12.0	28.0	29.0	42.0	47.0	93.0	116.0	153.0	230.0	278.0	457.0	840.0	4268.0	6.0
	17.0	18.0	19.0	20.0	21.0	22.0	23.0	24.0	25.0	26.0	27.0	28.0	29.0	30.0	31.0	32.0	33.0	34.0	35.0	36.0	37.0	38.0
DNA-Ext-Control_S12_L001_R2_001	3.0	7.0	8.0	12.0	11.0	17.0	16.0	20.0	20.0	40.0	54.0	80.0	117.0	128.0	189.0	261.0	280.0	375.0	557.0	867.0	3018.0	543.0
	19.0	20.0	21.0	22.0	23.0	24.0	25.0	26.0	27.0	28.0	29.0	30.0	31.0	32.0	33.0	34.0	35.0	36.0	37.0	38.0
MockZymoPos_S84_L001_R1_001	3.0	2.0	17.0	29.0	60.0	79.0	109.0	150.0	174.0	264.0	315.0	414.0	513.0	552.0	602.0	673.0	929.0	1236.0	2813.0	2.0
	16.0	17.0	18.0	19.0	20.0	21.0	22.0	23.0	24.0	25.0	26.0	27.0	28.0	29.0	30.0	31.0	32.0	33.0	34.0	35.0	36.0	37.0	38.0
MockZymoPos_S84_L001_R2_001	2.0	6.0	7.0	11.0	19.0	22.0	24.0	42.0	47.0	79.0	111.0	125.0	176.0	230.0	346.0	425.0	546.0	567.0	663.0	940.0	1510.0	2976.0	62.0
	20.0	21.0	22.0	23.0	24.0	25.0	26.0	27.0	28.0	29.0	30.0	31.0	32.0	33.0	34.0	35.0	36.0	37.0	38.0
WaterControl_S96_L001_R1_001	1.0	4.0	6.0	9.0	13.0	22.0	23.0	46.0	56.0	71.0	103.0	196.0	255.0	319.0	450.0	622.0	1205.0	6847.0	16.0
	16.0	17.0	18.0	19.0	20.0	21.0	22.0	23.0	24.0	25.0	26.0	27.0	28.0	29.0	30.0	31.0	32.0	33.0	34.0	35.0	36.0	37.0	38.0
WaterControl_S96_L001_R2_001	1.0	3.0	11.0	12.0	12.0	17.0	11.0	18.0	22.0	40.0	65.0	99.0	106.0	141.0	210.0	311.0	354.0	477.0	554.0	788.0	1333.0	4798.0	881.0

